#Generated with Biddy (biddy.meolic.com)
#OBDDCE-PLAIN
#SIZE: 4
#NF: 65536

          NODES             MIN             MAX            BASE             ALL
              1               2               2               2              48
              2               0               0               0               0
              3               8               8               8             192
              4              48              48              48            1152
              5             364              76             236            5664
              6            3168             256             960           23040
              7           12440             712            3248           77952
              8           22488            1024            8928          214272
              9           20346            3026           17666          423984
             10            6672           21904           23280          558720
             11               0           38480           11160          267840
             12               0               0               0               0
             13               0               0               0               0
             14               0               0               0               0
             15               0               0               0               0
             16               0               0               0               0
             17               0               0               0               0
             18               0               0               0               0
             19               0               0               0               0
