#Generated with Biddy (biddy.meolic.com)
#ZBDDCE
#SIZE: 4
#NF: 65536

          NODES             MIN             MAX            BASE             ALL
              1               2               2               2              48
              2               8               8               8             192
              3              60              60              60            1440
              4             696              96             392            9408
              5            9410             836            2074           49776
              6           22480             526            8400          201600
              7           30072            7606           23880          573120
              8            2808           29486           24960          599040
              9               0           26916            5760          138240
             10               0               0               0               0
             11               0               0               0               0
             12               0               0               0               0
             13               0               0               0               0
             14               0               0               0               0
             15               0               0               0               0
             16               0               0               0               0
             17               0               0               0               0
             18               0               0               0               0
             19               0               0               0               0
